START_UTC=2026-09-23T01:01:08Z
END_UTC=2026-09-23T01:02:21Z
TOTAL=80
HTTP_200=80
CURL_FAILURES=0
HTTP_5XX=0
MEAN_MS=419.9
P50_MS=321.5
P95_MS=937.5
WARM_MEAN_MS=357.6
WARM_P95_MS=546.9
STATUS_COUNTS=200:80
RAW_LATENCIES_MS=3032.5,921.7,1975.5,481.2,300.7,476.5,534.8,460.3,370.4,241.5,583.3,380.8,253.4,205.2,296.6,309.1,285.4,297.8,402.9,307.8,253.8,307.9,410.7,428.5,354.5,335.7,344.8,229.0,421.2,325.0,429.5,500.2,292.3,233.6,353.8,447.6,262.2,281.6,492.8,338.3,274.0,221.1,324.6,242.7,356.0,237.8,433.7,267.0,417.2,225.1,427.5,351.8,188.3,199.5,318.4,293.2,197.6,281.7,530.5,455.6,278.4,213.0,331.8,315.7,265.7,215.6,248.7,263.3,200.0,1237.5,453.2,224.7,597.2,392.4,1294.1,446.8,311.1,238.8,375.9,280.8
